a group of genes  :length =41
weight 58
evm_27.model.AmTr_v1.0_scaffold00056.115 3831 56 2025716 2030635 - 41 284 0  1
PAC:17641312 3831 7 19928197 19932484 + 41 284 1  3

weight 55
evm_27.model.AmTr_v1.0_scaffold00056.115 3832 56 2025716 2030635 - 41 284 0  1
PAC:17641527 3832 7 20083820 20087220 - 41 284 1  3

weight 75
evm_27.model.AmTr_v1.0_scaffold00056.115 3897 56 2025716 2030635 - 29 286 0  1
PAC:17667652 3897 3 3295372 3300522 + 29 286 1  3

weight 61
evm_27.model.AmTr_v1.0_scaffold00056.177 3906 56 3369412 3559004 + 29 286 0  1
PAC:17655953 3906 3 3029349 3035308 + 29 286 1  3

weight 66
evm_27.model.AmTr_v1.0_scaffold00111.2 5604 111 19330 22986 - 19 417 0  1
PAC:17657312 5604 2 24147019 24150720 + 19 417 1  3

weight 55
evm_27.model.AmTr_v1.0_scaffold00056.124 3396 56 2196594 2201275 + 29 292 0  1
Tc09_g004330 3396 9 2434886 2438043 + 29 292 2  3

weight 55
evm_27.model.AmTr_v1.0_scaffold00056.124 3419 56 2196594 2201275 + 44 293 0  1
Tc09_g008880 3419 9 5203756 5207826 - 44 293 2  3

weight 65
evm_27.model.AmTr_v1.0_scaffold00056.177 3439 56 3369412 3559004 + 44 293 0  1
Tc09_g008480 3439 9 4939905 4944872 + 44 293 2  3

weight 73
evm_27.model.AmTr_v1.0_scaffold00056.115 3460 56 2025716 2030635 - 28 294 0  1
Tc06_g007340 3460 6 6866636 6874233 + 28 294 2  3

weight 61
evm_27.model.AmTr_v1.0_scaffold00056.177 3469 56 3369412 3559004 + 28 294 0  1
Tc06_g007100 3469 6 6686560 6694047 + 28 294 2  3

weight 56
evm_27.model.AmTr_v1.0_scaffold00111.2 5007 111 19330 22986 - 26 431 0  1
Tc03_g017040 5007 3 16764738 16769208 + 26 431 2  3

weight 67
evm_27.model.AmTr_v1.0_scaffold00056.124 3609 56 2196594 2201275 + 42 270 0  1
GSVIVG01015298001 3609 11 2478293 2481470 - 42 270 3  3

weight 78
evm_27.model.AmTr_v1.0_scaffold00056.115 3666 56 2025716 2030635 - 24 272 0  1
GSVIVG01016975001 3666 9 3106361 3115819 + 24 272 3  3

weight 55
evm_27.model.AmTr_v1.0_scaffold00056.124 3681 56 2196594 2201275 + 12 273 0  1
GSVIVG01035312001 3681 4 324794 362232 + 12 273 3  3

weight 63
PAC:17662061 941 1 36570883 36573313 - 16 74 1  3
PAC:17655953 941 3 3029349 3035308 + 16 74 1  3

weight 61
PAC:17662061 957 1 36570883 36573313 - 16 75 1  3
PAC:17641312 957 7 19928197 19932484 + 16 75 1  3

weight 62
PAC:17664968 961 1 36695882 36698934 - 16 75 1  3
PAC:17641527 961 7 20083820 20087220 - 16 75 1  3

weight 60
PAC:17657312 1617 2 24147019 24150720 + 5 141 1  3
PAC:17641527 1617 7 20083820 20087220 - 5 141 1  3

weight 73
PAC:17657312 3423 2 24147019 24150720 + 48 101 1  3
Tc03_g017040 3423 3 16764738 16769208 + 48 101 2  3

weight 62
PAC:17667863 3661 2 25883441 25885850 + 55 104 1  3
Tc03_g017040 3661 3 16764738 16769208 + 55 104 2  3

weight 62
PAC:17655953 3834 3 3029349 3035308 + 83 116 1  3
Tc06_g007100 3834 6 6686560 6694047 + 83 116 2  3

weight 78
PAC:17667652 3848 3 3295372 3300522 + 83 116 1  3
Tc06_g007340 3848 6 6866636 6874233 + 83 116 2  3

weight 73
PAC:17641312 9787 7 19928197 19932484 + 518 282 1  3
Tc09_g008480 9787 9 4939905 4944872 + 518 282 2  3

weight 63
PAC:17641527 9819 7 20083820 20087220 - 518 282 1  3
Tc09_g004330 9819 9 2434886 2438043 + 518 282 2  3

weight 68
PAC:17641527 9820 7 20083820 20087220 - 518 282 1  3
Tc09_g008880 9820 9 5203756 5207826 - 518 282 2  3

weight 66
PAC:17664968 2106 1 36695882 36698934 - 22 40 1  3
GSVIVG01035312001 2106 4 324794 362232 + 22 40 3  3

weight 74
PAC:17657312 3734 2 24147019 24150720 + 242 89 1  3
GSVIVG01014037001 3734 16 9543934 9549773 - 242 89 3  3

weight 72
PAC:17655953 4299 3 3029349 3035308 + 240 96 1  3
GSVIVG01016935001 4299 9 2709772 2710781 + 240 96 3  3

weight 81
PAC:17667652 4312 3 3295372 3300522 + 240 96 1  3
GSVIVG01016975001 4312 9 3106361 3115819 + 240 96 3  3

weight 68
PAC:17641527 10246 7 20083820 20087220 - 399 235 1  3
GSVIVG01015298001 10246 11 2478293 2481470 - 399 235 3  3

weight 63
Tc06_g007100 1268 6 6686560 6694047 + 12 150 2  3
Tc09_g008480 1268 9 4939905 4944872 + 12 150 2  3

weight 63
Tc06_g007340 1275 6 6866636 6874233 + 12 150 2  3
Tc09_g008880 1275 9 5203756 5207826 - 12 150 2  3

weight 62
Tc09_g004330 1381 9 2434886 2438043 + 6 164 2  3
Tc09_g008880 1381 9 5203756 5207826 - 6 164 2  3

weight 61
Tc03_g017040 2786 3 16764738 16769208 + 47 142 2  3
GSVIVG01038699001 2786 16 20848483 20851612 + 47 142 3  3

weight 64
Tc06_g007100 5333 6 6686560 6694047 + 62 222 2  3
GSVIVG01016937001 5333 9 2728009 2740198 + 62 222 3  3

weight 81
Tc06_g007340 5343 6 6866636 6874233 + 62 222 2  3
GSVIVG01016975001 5343 9 3106361 3115819 + 62 222 3  3

weight 66
Tc09_g004330 7033 9 2434886 2438043 + 108 269 2  3
GSVIVG01035304001 7033 4 212861 238645 + 108 269 3  3

weight 68
Tc09_g008880 7294 9 5203756 5207826 - 365 270 2  3
GSVIVG01015298001 7294 11 2478293 2481470 - 365 270 3  3

weight 62
GSVIVG01015298001 307 11 2478293 2481470 - 42 18 3  3
GSVIVG01016975001 307 9 3106361 3115819 + 42 18 3  3

weight 62
GSVIVG01015298001 337 11 2478293 2481470 - 29 19 3  3
GSVIVG01035304001 337 4 212861 238645 + 29 19 3  3

weight 66
GSVIVG01035304001 1140 4 212861 238645 + 5 100 3  3
GSVIVG01016937001 1140 9 2728009 2740198 + 5 100 3  3

