a group of genes  :length =50
weight 70
evm_27.model.AmTr_v1.0_scaffold00006.156 623 6 6493259 6501609 - 19 52 0  1
PAC:17643434 623 3 18495946 18498316 + 19 52 1  3

weight 67
evm_27.model.AmTr_v1.0_scaffold00077.137 4915 77 1977440 1985902 - 41 359 0  1
PAC:17663069 4915 2 23702318 23703377 - 41 359 1  3

weight 61
evm_27.model.AmTr_v1.0_scaffold00077.145 4916 77 2099600 2100831 - 41 359 0  1
PAC:17656463 4916 2 23705221 23707208 - 41 359 1  3

weight 63
evm_27.model.AmTr_v1.0_scaffold00077.145 4957 77 2099600 2100831 - 22 362 0  1
PAC:17667053 4957 6 2235631 2238667 - 22 362 1  3

weight 69
evm_27.model.AmTr_v1.0_scaffold00077.158 4962 77 2337172 2358632 - 22 362 0  1
PAC:17668534 4962 6 2261721 2269523 + 22 362 1  3

weight 67
evm_27.model.AmTr_v1.0_scaffold00077.137 4979 77 1977440 1985902 - 34 363 0  1
PAC:17654053 4979 6 25210217 25212316 - 34 363 1  3

weight 63
evm_27.model.AmTr_v1.0_scaffold00077.145 4981 77 2099600 2100831 - 34 363 0  1
PAC:17667035 4981 6 25223335 25225464 - 34 363 1  3

weight 64
evm_27.model.AmTr_v1.0_scaffold00077.158 4986 77 2337172 2358632 - 34 363 0  1
PAC:17667822 4986 6 25294979 25300724 + 34 363 1  3

weight 63
evm_27.model.AmTr_v1.0_scaffold00075.58 4385 75 3010930 3012174 + 5 371 0  1
Tc03_g028420 4385 3 23862341 23865171 + 5 371 2  3

weight 62
evm_27.model.AmTr_v1.0_scaffold00075.58 4390 75 3010930 3012174 + 5 372 0  1
Tc03_g017680 4390 3 17254746 17257195 - 5 372 2  3

weight 62
evm_27.model.AmTr_v1.0_scaffold00077.137 4437 77 1977440 1985902 - 22 377 0  1
Tc10_g016710 4437 10 14973692 14981025 - 22 377 2  3

weight 68
evm_27.model.AmTr_v1.0_scaffold00077.158 4451 77 2337172 2358632 - 10 378 0  1
Tc09_g035330 4451 9 28357248 28365335 + 10 378 2  3

weight 66
evm_27.model.AmTr_v1.0_scaffold00077.137 4462 77 1977440 1985902 - 21 379 0  1
Tc04_g016010 4462 4 14524027 14527790 + 21 379 2  3

weight 63
evm_27.model.AmTr_v1.0_scaffold00077.158 4467 77 2337172 2358632 - 21 379 0  1
Tc04_g015890 4467 4 14447818 14458853 - 21 379 2  3

weight 62
evm_27.model.AmTr_v1.0_scaffold00077.202 4478 77 3006533 3008443 - 21 379 0  1
Tc04_g015890 4478 4 14447818 14458853 - 21 379 2  3

weight 79
evm_27.model.AmTr_v1.0_scaffold00006.156 527 6 6493259 6501609 - 15 46 0  1
GSVIVG01036527001 527 14 23076317 23082316 + 15 46 3  3

weight 63
evm_27.model.AmTr_v1.0_scaffold00077.145 4629 77 2099600 2100831 - 19 344 0  1
GSVIVG01024545001 4629 6 8980928 8984397 - 19 344 3  3

weight 64
evm_27.model.AmTr_v1.0_scaffold00077.158 4634 77 2337172 2358632 - 19 344 0  1
GSVIVG01024538001 4634 6 9055378 9070929 + 19 344 3  3

weight 69
evm_27.model.AmTr_v1.0_scaffold00077.137 4650 77 1977440 1985902 - 7 345 0  1
GSVIVG01025873001 4650 8 10934273 10937161 - 7 345 3  3

weight 63
evm_27.model.AmTr_v1.0_scaffold00077.145 4652 77 2099600 2100831 - 7 345 0  1
GSVIVG01025870001 4652 8 10966875 10968945 - 7 345 3  3

weight 67
evm_27.model.AmTr_v1.0_scaffold00077.158 4663 77 2337172 2358632 - 22 347 0  1
GSVIVG01029870001 4663 8 801754 862302 - 22 347 3  3

weight 70
PAC:17663069 1573 2 23702318 23703377 - 37 138 1  3
PAC:17654053 1573 6 25210217 25212316 - 37 138 1  3

weight 70
PAC:17656463 1574 2 23705221 23707208 - 37 138 1  3
PAC:17667035 1574 6 25223335 25225464 - 37 138 1  3

weight 72
PAC:17656463 1602 2 23705221 23707208 - 26 139 1  3
PAC:17667053 1602 6 2235631 2238667 - 26 139 1  3

weight 71
PAC:17640531 1657 2 25554583 25556584 + 6 145 1  3
PAC:17648724 1657 5 11721257 11724358 + 6 145 1  3

weight 63
PAC:17648724 2235 5 11721257 11724358 + 6 204 1  3
PAC:17667035 2235 6 25223335 25225464 - 6 204 1  3

weight 74
PAC:17667053 2288 6 2235631 2238667 - 8 210 1  3
PAC:17667035 2288 6 25223335 25225464 - 8 210 1  3

weight 68
PAC:17668534 2290 6 2261721 2269523 + 8 210 1  3
PAC:17667822 2290 6 25294979 25300724 + 8 210 1  3

weight 74
PAC:17656463 3375 2 23705221 23707208 - 39 100 1  3
Tc10_g016710 3375 10 14973692 14981025 - 39 100 2  3

weight 75
PAC:17640531 3629 2 25554583 25556584 + 55 104 1  3
Tc03_g017680 3629 3 17254746 17257195 - 55 104 2  3

weight 61
PAC:17643434 4412 3 18495946 18498316 + 29 147 1  3
Tc04_g015890 4412 4 14447818 14458853 - 29 147 2  3

weight 79
PAC:17648724 6476 5 11721257 11724358 + 94 207 1  3
Tc03_g028420 6476 3 23862341 23865171 + 94 207 2  3

weight 78
PAC:17668534 7361 6 2261721 2269523 + 96 224 1  3
Tc09_g035330 7361 9 28357248 28365335 + 96 224 2  3

weight 77
PAC:17667822 8528 6 25294979 25300724 + 55 247 1  3
Tc04_g015890 8528 4 14447818 14458853 - 55 247 2  3

weight 74
PAC:17640531 3931 2 25554583 25556584 + 242 89 1  3
GSVIVG01028727001 3931 16 19365747 19368456 - 242 89 3  3

weight 79
PAC:17643434 4993 3 18495946 18498316 + 481 114 1  3
GSVIVG01036527001 4993 14 23076317 23082316 + 481 114 3  3

weight 79
PAC:17648724 6898 5 11721257 11724358 + 156 166 1  3
GSVIVG01019483001 6898 2 1011434 1014613 + 156 166 3  3

weight 80
PAC:17667053 7856 6 2235631 2238667 - 102 175 1  3
GSVIVG01024545001 7856 6 8980928 8984397 - 102 175 3  3

weight 75
PAC:17668534 7859 6 2261721 2269523 + 102 175 1  3
GSVIVG01024538001 7859 6 9055378 9070929 + 102 175 3  3

weight 76
PAC:17654053 8889 6 25210217 25212316 - 108 202 1  3
GSVIVG01025873001 8889 8 10934273 10937161 - 108 202 3  3

weight 78
PAC:17667035 8892 6 25223335 25225464 - 108 202 1  3
GSVIVG01025870001 8892 8 10966875 10968945 - 108 202 3  3

weight 76
PAC:17667035 8894 6 25223335 25225464 - 10 203 1  3
GSVIVG01024545001 8894 6 8980928 8984397 - 10 203 3  3

weight 67
PAC:17667822 8896 6 25294979 25300724 + 10 203 1  3
GSVIVG01024538001 8896 6 9055378 9070929 + 10 203 3  3

weight 73
PAC:17667822 8908 6 25294979 25300724 + 30 204 1  3
GSVIVG01029870001 8908 8 801754 862302 - 30 204 3  3

weight 70
Tc09_g035330 1495 9 28357248 28365335 + 7 180 2  3
Tc10_g016710 1495 10 14973692 14981025 - 7 180 2  3

weight 74
Tc03_g017680 2816 3 17254746 17257195 - 47 142 2  3
GSVIVG01028727001 2816 16 19365747 19368456 - 47 142 3  3

weight 80
Tc03_g028420 3287 3 23862341 23865171 + 98 152 2  3
GSVIVG01019483001 3287 2 1011434 1014613 + 98 152 3  3

weight 76
Tc04_g016040 3813 4 14543080 14547546 + 29 170 2  3
GSVIVG01025873001 3813 8 10934273 10937161 - 29 170 3  3

weight 80
Tc09_g035300 8084 9 28338567 28340671 - 78 296 2  3
GSVIVG01024545001 8084 6 8980928 8984397 - 78 296 3  3

weight 74
GSVIVG01028727001 919 16 19365747 19368456 - 5 74 3  3
GSVIVG01019483001 919 2 1011434 1014613 + 5 74 3  3


