a group of genes  :length =38
weight 78
evm_27.model.AmTr_v1.0_scaffold00003.210 402 3 4433064 4434317 - 23 37 0  1
PAC:17644694 402 1 8471296 8473076 + 23 37 1  3

weight 75
evm_27.model.AmTr_v1.0_scaffold00096.31 5305 96 831541 833903 + 11 392 0  1
PAC:17667639 5305 5 14697073 14698853 - 11 392 1  3

weight 71
evm_27.model.AmTr_v1.0_scaffold00096.31 5311 96 831541 833903 + 9 393 0  1
PAC:17643703 5311 3 20600315 20603433 + 9 393 1  3

weight 72
evm_27.model.AmTr_v1.0_scaffold00096.33 5312 96 885976 895851 - 9 393 0  1
PAC:17669036 5312 3 20593320 20597482 + 9 393 1  3

weight 78
evm_27.model.AmTr_v1.0_scaffold00003.210 342 3 4433064 4434317 - 24 30 0  1
Tc04_g030080 342 4 23054028 23055729 - 24 30 2  3

weight 73
evm_27.model.AmTr_v1.0_scaffold00003.210 380 3 4433064 4434317 - 16 32 0  1
Tc01_g032340 380 1 26430596 26431748 - 16 32 2  3

weight 68
evm_27.model.AmTr_v1.0_scaffold00006.298 589 6 8867053 8869771 - 8 54 0  1
Tc03_g001100 589 3 662878 664267 + 8 54 2  3

weight 63
evm_27.model.AmTr_v1.0_scaffold00006.298 597 6 8867053 8869771 - 10 55 0  1
Tc04_g000970 597 4 608349 609174 + 10 55 2  3

weight 79
evm_27.model.AmTr_v1.0_scaffold00096.31 4700 96 831541 833903 + 14 404 0  1
Tc03_g001350 4700 3 884973 886683 + 14 404 2  3

weight 72
evm_27.model.AmTr_v1.0_scaffold00096.31 4707 96 831541 833903 + 10 405 0  1
Tc04_g001170 4707 4 751383 753756 + 10 405 2  3

weight 72
evm_27.model.AmTr_v1.0_scaffold00096.33 4708 96 885976 895851 - 10 405 0  1
Tc04_g001160 4708 4 741408 745924 + 10 405 2  3

weight 78
evm_27.model.AmTr_v1.0_scaffold00003.210 321 3 4433064 4434317 - 16 28 0  1
GSVIVG01028171001 321 7 4391137 4392139 - 16 28 3  3

weight 79
evm_27.model.AmTr_v1.0_scaffold00003.210 344 3 4433064 4434317 - 15 30 0  1
GSVIVG01034943001 344 5 330422 331821 + 15 30 3  3

weight 72
evm_27.model.AmTr_v1.0_scaffold00096.31 4985 96 831541 833903 + 10 376 0  1
GSVIVG01032442001 4985 14 27443804 27454445 - 10 376 3  3

weight 73
evm_27.model.AmTr_v1.0_scaffold00096.33 4986 96 885976 895851 - 10 376 0  1
GSVIVG01032443001 4986 14 27454898 27456749 - 10 376 3  3

weight 77
PAC:17649710 430 1 25465683 25466836 - 78 48 1  3
PAC:17646716 430 5 14852199 14853507 - 78 48 1  3

weight 68
PAC:17643703 1973 3 20600315 20603433 + 62 169 1  3
PAC:17667639 1973 5 14697073 14698853 - 62 169 1  3

weight 59
PAC:17646716 3356 5 14852199 14853507 - 61 326 1  3
PAC:17658616 3356 3 20561888 20564907 - 61 326 1  3

weight 76
PAC:17644694 376 1 8471296 8473076 + 261 14 1  3
Tc04_g030080 376 4 23054028 23055729 - 261 14 2  3

weight 79
PAC:17669036 4567 3 20593320 20597482 + 165 154 1  3
Tc04_g001160 4567 4 741408 745924 + 165 154 2  3

weight 76
PAC:17667639 6859 5 14697073 14698853 - 123 210 1  3
Tc03_g001350 6859 3 884973 886683 + 123 210 2  3

weight 71
PAC:17646716 6871 5 14852199 14853507 - 123 210 1  3
Tc03_g001100 6871 3 662878 664267 + 123 210 2  3

weight 76
PAC:17644694 410 1 8471296 8473076 + 96 10 1  3
GSVIVG01034943001 410 5 330422 331821 + 96 10 3  3

weight 77
PAC:17649710 981 1 25465683 25466836 - 215 26 1  3
GSVIVG01013735001 981 1 8079833 8080711 - 215 26 3  3

weight 79
PAC:17658616 5217 3 20561888 20564907 - 481 114 1  3
GSVIVG01032452001 5217 14 27556577 27560219 + 481 114 3  3

weight 72
PAC:17669036 5223 3 20593320 20597482 + 481 114 1  3
GSVIVG01032442001 5223 14 27443804 27454445 - 481 114 3  3

weight 71
PAC:17667639 7238 5 14697073 14698853 - 162 168 1  3
GSVIVG01007731001 7238 17 9841308 9843240 + 162 168 3  3

weight 71
PAC:17646716 7248 5 14852199 14853507 - 162 168 1  3
GSVIVG01007740001 7248 17 9703479 9704324 - 162 168 3  3

weight 69
Tc01_g032340 510 1 26430596 26431748 - 11 60 2  3
Tc04_g030080 510 4 23054028 23055729 - 11 60 2  3

weight 68
Tc03_g001100 904 3 662878 664267 + 12 104 2  3
Tc04_g000970 904 4 608349 609174 + 12 104 2  3

weight 71
Tc01_g032340 895 1 26430596 26431748 - 29 69 2  3
GSVIVG01028171001 895 7 4391137 4392139 - 29 69 3  3

weight 72
Tc03_g001100 2388 3 662878 664267 + 95 129 2  3
GSVIVG01007731001 2388 17 9841308 9843240 + 95 129 3  3

weight 72
Tc03_g001350 2396 3 884973 886683 + 95 129 2  3
GSVIVG01007731001 2396 17 9841308 9843240 + 95 129 3  3

weight 72
Tc04_g000970 3458 4 608349 609174 + 49 154 2  3
GSVIVG01032467001 3458 14 27707133 27709246 - 49 154 3  3

weight 77
Tc04_g001100 3470 4 689084 691525 - 49 154 2  3
GSVIVG01032452001 3470 14 27556577 27560219 + 49 154 3  3

weight 74
Tc04_g030080 4344 4 23054028 23055729 - 87 181 2  3
GSVIVG01034943001 4344 5 330422 331821 + 87 181 3  3

weight 69
GSVIVG01013735001 87 1 8079833 8080711 - 28 5 3  3
GSVIVG01032467001 87 14 27707133 27709246 - 28 5 3  3

weight 68
GSVIVG01032452001 811 14 27556577 27560219 + 5 62 3  3
GSVIVG01028171001 811 7 4391137 4392139 - 5 62 3  3
